
                        The SURVEYFREQ Procedure

  Table of sex by region_re

sex           region_re      Frequency      Wgt Freq     Percent
----------------------------------------------------------------
1.0           1.0                    1       1520.40       28.38
1.0           2.0                    1       1310.70       24.47
2.0           1.0                    1       1420.10       26.51
2.0           2.0                    1       1105.90       20.64
1.0           1.0                    1        980.50       19.76
1.0           2.0                    1       1210.30       24.39
2.0           1.0                    1       1440.80       29.04
2.0           2.0                    1       1330.00       26.81
1.0           1.0                    1       1601.20       31.88
1.0           2.0                    1       1080.40       21.51
2.0           1.0                    1       1350.60       26.89
2.0           2.0                    1        990.10       19.71
----------------------------------------------------------------

